;; Coordenadas limpias

Argentina: [-73.572716, -55.116856, -53.641135, -21.778451]
Chile: [-109.4791708, -56.5573577, -66.15203, -17.497384]
Peru: [-81.3281479193672, -18.3497280290367, -68.6730880806328, -0.0388399739132714]
